5593105975
5569057572
5591560262
5568094675
5568795743
5569295966
5566378963
5568443609
5568889132
5568251507
5566565346
5569279861
5566402292
5566476700
5568159775
5566625157
5594033424
5568431521
5568671720
5567689616
5568039969
5566869359
5566256946
5569638181
5567133128
5568245855
5568485048
5594444597
5568966849
5567751028
5567447999
5591734024
5567315451
5568521503
5568590938
5566699004
5563187946
5567960256
5564362217
5591984207
5566926886
5567812952
5592186521
5565633038
5566793427
5566302047
5590109418
5568195878
5567374490
5590019419
5590349915
5590246376
5562849421
5566274048
5591993562
5567596498
5567681159
5594323809
5566813464
5567919062
5568118573
5565129250
5568485782
5592073000
5594664525
5591843403
5593818213
5566580931
5590569637
5566670005
5569278848
5568036494
5567880850
5568189137
5567963342
5568451644
5590106273
5594689290
5568817976
5564413598
5569088148
5566743513
5594734278
5568076797
5568383607
5567603039
5568532989
5591340798
5565232211
5567541817
5591158489
5569194474
5564936580
5566277942
5567579064
5594348814
5593025900
5593359390
5568167935
5567326193
5566797782
5568111008
5567300206
5569217127
5566136825
5568314461
5567663124
5569730475
5592254410
5567638209
5566334081
5568045354
5566291794
5568008659
5568911043
5591635585
5565107488
5594270729
5568286651
5592161144
5594348806
5594653585
5565813580
5566978424
5569401507
5569752024
5569972937
5567535959
5567717821
5568286222
5568231681
5569733073
5566695838
5594532318
5565856571
5569416083
5591931018
5566874904
5567956494
5569802803
5568408057
5591653182
5567831473
5568725864
5568006844
5590701495
5567887442
5567885040
5566847397
5568816861
5568167786
5568070956
5567757140
5590935358
5594441320
5569084188
5592244999
5567597421
5567320113
5568321441
5593737397
5569260671
5567950711
5566536727
5568206022
5569424277
5568767809
5569224412
5567107064
5566161443
5590738471
5568132301
5566910724
5567008171
5566903059
5567049332
5567884530
5569069361
5566135074
5594631169
5569098063
5565591327
5568113095
5591714927
5567362347
5591461164
5567755177
5567120935
5567473045
5595011379
5567537799
5567652473
5568321813
5568945124
5592278815
5565993457
5568949308
5567775332
5568414386
5594824368
5563063873
5567852560
5566804331
5568897382
5593988131
5565149282
5567866776
5567625776
5568168461
5592250723
5567795918
5592882244
5594531831
5568879604
5566781455
5568266679
5593502635
5593778417
5566992128
5593655433
5567577431
5590457387
5567537195
5562623172
5567982813
5567438444
5566283049
5567175178
5566261854
5592180334
5567521124
5592663750
5567896492
5568011307
5567142723
5568036676
5564999471
5565843595
5590332630
5567738090
5566066212
5567422463
5568325723
5593114324
5590865977
5568007206
5568837941
5591687537
5591747026
5565355400
5568238769
5568408172
5568026461
5567368955
5569928228
5565930079
5592497449
5569514556
5591868574
5563867398
5568816283
5567314066
5566823638
5566590567
5568644651
5568395064
5568086689
5592318512
5564689809
5592293939
5594568601
5590946777
5591467484
5590613229
5591249569
5593288367
5591229447
5568360100
5568832538
5590509484
5590793237
5592122849
5592487499
5591177711
5567147557
5590939020
5567653471
5591519466
5594440082
5594094186
5569216376
5591207633
5568114986
5567861389
5564216728
5566303250
5594857368
5591882351
5569013443
5569003345
5568878374
5566595210
5565561031
5569182024
5566255336
5564983764
5567463673
5590586367
5592927973
5592855158
5567227144
5568313091
5566282124
5593938920
5566870167
5569556003
5569196420
5568558570
5566053996
5566452206
5568141278
5567680318
5567474282
5566631502
5565233284
5569491839
5590197942
5567808232
5568887987
5566668611
5569264277
5565471397
5568948318
5567473722
5568231848
5568198278
5567560304
5568043292
5593398786
5591703409
5568445455
5567456685
5568537186
5592813777
5567622963
5567885644
5568614753
5564988995
5565230769
5567948780
5564958725
5567634687
5568840101
5569181455
5565463642
5592517550
5569394652
5567411458
5594524562
5569497661
5568022270
5567337364
5568880115
5567554372
5566581657
5562606250
5568728561
5592724156
5590655196
5590482724
5569359762
5563851046
5593128563
5567705735
5568017601
5564833852
5566556329
5568773849
5568212525
5568180151
5569658288
5592237977
5566941554
5567943104
5566018908
5566516414
5568960834
5594219155
5569387862
5591895668
5568144751
5567099196
5568107196
5590346358
5566955208
5567716401
5594865254
5569030710
5593990939
5566182621
5565384541
5569224065
5566644695
5569059966
5566837760
5567788301
5567497812
5592060569
5593131583
5568241375
5568065469
5567294896
5569018483
5593790917
5566306824
5591236442
5567666911
5568170228
5562390327
5566011457
5567509756
5568086218
5567808166
5568462971
5567377725
5567753123
5567023733
5567908354
5567839138
5568252927
5562959600
5567875728
5569102840
5568684707
5591786826
5594335001
5568331101
5565496097
5594118605
5592219231
5564406253
5562172063
5591426076
5567725543
5567857098
5567754956
5569098881
5590601687
5565495180
5567731251
5568704372
5592306327
5566540919
5568480700
5568389554
5591342299
5565009916
5568974934
5568090129
5565956611
5568409337
5566988654
5567853212
5566918156
5566772942
5567941249
5590097530
5565504007
5566436803
5593687840
5567389142
5568723075
5593627564
5591567655
5568957400
5592285307
5565510392
5564870771
5569520025
5564886488
5567501266
5565535910
5568155856
5566308986
5565569380
5591043707
5569456048
5567731574
5568267875
5565252409
5566723267
5568589336
5568949191
5565434213
5567104350
5566746763
5567647036
5568223423
5567855365
5566177217
5567051833
5567442347
5568384001
5590035084
5567655211
5567813281
5590025911
5565965927
5565998316
5562170422
5566711593
5567447635
5568140692
5565506879
5569130544
5592009665
5566172069
5567743835
5561061382
5566979570
5566419197
5564866985
5565387452
5594234840
5567425789
5565630455
5566977954
5593185183
5566188578
5567953012
5566607882
5568365810
5567656797
5568394414
5567120182
5566991617
5566856737
5566778170
5567711428
5567485601
5567254072
5569355216
5590871454
5566770987
5566241609
5568902885
5591414502
5568249915
5569201022
5566818083
5569017618
5569293730
5569954877
5593110504
5567580997
5567909428
5590225883
5591019129
5566898275
5594440108
5593083263
5565063772
5568273394
5566699798
5567966923
5590046370
5565605812
5590240023
5564800695
5569049900
5569528887
5568323405
5567677116
5569285652
5569762809
5568469091
5568597412
5565392155
5591080667
5590896113
5590489497
5560822503
5567630578
5594755869
5568431612
5590261136
5568342603
5567328637
5569497125
5569223018
5594883760
5568230329
5569762650
5568575608
5564813326
5593383168
5568070618
5567779615
5564395530
5565519674
5568616238
5590213475
5591374615
5567804736
5568958002
5569760233
5568153919
5591878276
5563859577
5564761137
5566799697
5567647523
5567775084
5568257884
5566194212
5567773220
5568091937
5566375795
5568897929
5566813357
5568167000
5567339451
5569372559
5567143663
5566199062
5565831301
5569933210
5567681571
5567514558
5566695713
5565957395
5567139398
5567073712
5567752653
5592038201
5568839038
5566627484
5567511802
5566642442
5568244809
5568362338
5566234703
5568097306
5567521272
5565430252
5567140420
5567380257
5590197991
5567230544
5590548839
5565316071
5563341659
5590038229
5566407788
5568008543
5594565763
5592552953
5594348798
5568431596
5560428517
5567614655
5568156888
5569685356
5591670962
5568341241
5567069462
5569136764
5567575302
5594440116
5567551469
5568263841
5566663265
5567038079
5593373029
5590140827
5567918585
5569005720
